# ImageMagick pixel enumeration: 10,1,65535,srgba
0,0: (5936,2936,2802,65535)  #170B0BFF  srgba(23,11,11,1)
1,0: (11057,7427,6087,65535)  #2B1D18FF  srgba(43,29,24,1)
2,0: (21371,16354,12826,65535)  #534032FF  srgba(83,64,50,1)
3,0: (29522,23735,18604,65535)  #735C48FF  srgba(115,92,72,1)
4,0: (40702,23403,16699,65535)  #9E5B41FF  srgba(158,91,65,1)
5,0: (36704,28986,21888,65535)  #8F7155FF  srgba(143,113,85,1)
6,0: (43832,36245,28281,65535)  #AB8D6EFF  srgba(171,141,110,1)
7,0: (54090,38443,28446,65535)  #D2966FFF  srgba(210,150,111,1)
8,0: (54145,48073,40650,65535)  #D3BB9EFF  srgba(211,187,158,1)
9,0: (63094,62498,54539,65535)  #F6F3D4FF  srgba(246,243,212,1)
